N0. of antenas=3
H_pre[0]=
[[0.336446-7.17427e-09i 0.701515-0.713919i -0.814977-0.0889694i]
 [0.701515+0.713919i 2.97761-3.97346e-09i -1.5105-1.91484i]
 [-0.814977+0.0889694i -1.5105+1.91484i 1.99766-1.2208e-08i]]
H_pre[1]=
[[345.697-3.45449e-09i 72.5531+143.568i -80.2718+67.4503i]
 [72.5531-143.568i 74.8506+1.856e-08i 11.165+47.4929i]
 [-80.2718-67.4503i 11.165-47.4929i 31.7998-2.04228e-08i]]
H_pre[2]=
[[24.69-2.63589e-08i 27.8625-48.1578i -18.9744+10.8182i]
 [27.8625+48.1578i 125.375-2.67844e-08i -42.5135-24.8014i]
 [-18.9744-10.8182i -42.5135+24.8014i 19.3221-1.93578e-08i]]
H_pretranspose[0]=
[[0.336446-7.17427e-09i 0.701515+0.713919i -0.814977+0.0889694i]
 [0.701515-0.713919i 2.97761-3.97346e-09i -1.5105+1.91484i]
 [-0.814977-0.0889694i -1.5105-1.91484i 1.99766-1.2208e-08i]]
H_pretranspose[1]=
[[345.697-3.45449e-09i 72.5531-143.568i -80.2718-67.4503i]
 [72.5531+143.568i 74.8506+1.856e-08i 11.165-47.4929i]
 [-80.2718+67.4503i 11.165+47.4929i 31.7998-2.04228e-08i]]
H_pretranspose[2]=
[[24.69-2.63589e-08i 27.8625+48.1578i -18.9744-10.8182i]
 [27.8625-48.1578i 125.375-2.67844e-08i -42.5135+24.8014i]
 [-18.9744+10.8182i -42.5135-24.8014i 19.3221-1.93578e-08i]]
h_hat[0]=
[0.00533924+0.537785i -1.13001+1.13265i -0.155144-1.30127i]
h_hat[1]=
[-2.11928+18.4563i 7.22012+4.75366i 4.09319-3.87211i]
h_hat[2]=
[3.42888+3.58107i -3.11541+10.7293i -1.06603-4.25449i]
End 
